Number of customers: 90
Number of days: 3
Depot: 0
Fees: 5 6 7 8
Time windows: id,start[min],end[min]
1,480,600
2,600,720
3,720,840
4,840,960
5,960,1080
6,1080,1200

Distance matrix: zone_1,zone_2,distance[km]
4435,4435,0.0
4435,4475,12.590033147357463
4435,4425,9.563904549765537
4435,4470,13.049821965342796
4435,4460,13.548775833524974
4435,4465,11.556098326099503
4435,4250,13.374833330565723
4435,4445,5.989558793926007
4435,4745,14.37231632777673
4435,0,10.234193246826035
4475,4435,12.590033147357463
4475,4475,0.0
4475,4425,5.83439776979382
4475,4470,4.636688353562073
4475,4460,12.36173758453102
4475,4465,10.477874445434868
4475,4250,14.451452992187697
4475,4445,9.441223487243354
4475,4745,4.8254798986245016
4475,0,2.508784156160073
4425,4435,9.563904549765537
4425,4475,5.83439776979382
4425,4425,0.0
4425,4470,9.569172937842291
4425,4460,15.542587513697022
4425,4465,13.309361271263441
4425,4250,16.954965067295177
4425,4445,4.396294822762969
4425,4745,5.021999238509815
4425,0,5.269081994062213
4470,4435,13.049821965342796
4470,4475,4.636688353562073
4470,4425,9.569172937842291
4470,4470,0.0
4470,4460,8.137905359760621
4470,4465,6.626509955334067
4470,4250,10.503767914151124
4470,4445,11.991430515224664
4470,4745,9.444568241212561
4470,0,4.332615882428373
4460,4435,13.548775833524974
4460,4475,12.36173758453102
4460,4425,15.542587513697022
4460,4470,8.137905359760621
4460,4460,0.0
4460,4465,2.2814322064321613
4460,4250,2.6459672377831587
4460,4445,15.91631678293188
4460,4745,17.105157645427475
4460,0,10.83426833256181
4465,4435,11.556098326099503
4465,4475,10.477874445434868
4465,4425,13.309361271263441
4465,4470,6.626509955334067
4465,4460,2.2814322064321613
4465,4465,0.0
4465,4250,3.974914586296082
4465,4445,13.645436588928952
4465,4745,15.123210759581431
4465,0,8.749174090920093
4250,4435,13.374833330565723
4250,4475,14.451452992187697
4250,4425,16.954965067295177
4250,4470,10.503767914151124
4250,4460,2.6459672377831587
4250,4465,3.974914586296082
4250,4250,0.0
4250,4445,16.677862090830484
4250,4745,19.069777252434307
4250,0,12.657663025320437
4445,4435,5.989558793926007
4445,4475,9.441223487243354
4445,4425,4.396294822762969
4445,4470,11.991430515224664
4445,4460,15.91631678293188
4445,4465,13.645436588928952
4445,4250,16.677862090830484
4445,4445,0.0
4445,4745,9.403968837802584
4445,0,7.872421531185329
4745,4435,14.37231632777673
4745,4475,4.8254798986245016
4745,4425,5.021999238509815
4745,4470,9.444568241212561
4745,4460,17.105157645427475
4745,4465,15.123210759581431
4745,4250,19.069777252434307
4745,4445,9.403968837802584
4745,4745,0.0
4745,0,6.4509469598908264
0,4435,10.234193246826035
0,4475,2.508784156160073
0,4425,5.269081994062213
0,4470,4.332615882428373
0,4460,10.83426833256181
0,4465,8.749174090920093
0,4250,12.657663025320437
0,4445,7.872421531185329
0,4745,6.4509469598908264
0,0,0.0

Customer zone: id_customer,id_zone
0,0
1,4435
2,4435
3,4435
4,4435
5,4435
6,4435
7,4435
8,4475
9,4475
10,4475
11,4425
12,4475
13,4425
14,4425
15,4425
16,4425
17,4470
18,4470
19,4470
20,4470
21,4475
22,4470
23,4475
24,4475
25,4470
26,4470
27,4470
28,4470
29,4470
30,4470
31,4470
32,4475
33,4475
34,4470
35,4425
36,4470
37,4470
38,4475
39,4475
40,4470
41,4425
42,4475
43,4470
44,4470
45,4475
46,4460
47,4460
48,4460
49,4460
50,4460
51,4460
52,4460
53,4460
54,4465
55,4465
56,4465
57,4465
58,4465
59,4465
60,4465
61,4465
62,4465
63,4465
64,4465
65,4465
66,4465
67,4460
68,4460
69,4460
70,4460
71,4460
72,4250
73,4250
74,4445
75,4445
76,4445
77,4445
78,4445
79,4445
80,4445
81,4445
82,4445
83,4445
84,4445
85,4445
86,4445
87,4445
88,4445
89,4445
90,4745

Customer distance to zone center: id_customer,distance
0,0.0
1,2.3710090706070046
2,2.248257905668636
3,0.4807932098387141
4,2.3104697124451357
5,0.2048545827165555
6,2.0645820284384024
7,0.9866053019697525
8,4.528406924099186
9,6.639006920842613
10,1.1827514959519858
11,3.836967420127745
12,1.8513346305537002
13,3.7227088754955253
14,4.321977511263229
15,3.780334317151006
16,3.683259607272076
17,5.221761133863601
18,2.6657334707632705
19,3.235443485956112
20,4.0547832541329125
21,5.852489271992887
22,3.3397333023181215
23,4.130518866232655
24,2.3695184073373294
25,1.2942381351840904
26,4.897395428983804
27,3.9363927199971807
28,3.115791193188262
29,0.6856913437218515
30,3.932531045156002
31,1.4914228144662225
32,4.388967684317783
33,2.163848406559079
34,1.8742279571026756
35,1.950222273014532
36,1.8926937656918617
37,8.647458784820774
38,2.0158476143875843
39,2.097887008071084
40,5.0048288767354805
41,5.611230565491763
42,2.5774508820386868
43,0.47210341989713633
44,1.4742693892213292
45,3.583224502135087
46,2.305977099421802
47,1.7679991678247053
48,2.8194044932273354
49,1.5290329033205547
50,1.3223415026673317
51,1.4269667920236573
52,1.3482504840585252
53,1.6712851477274113
54,3.5496028728447255
55,2.9951476188523625
56,0.3252778450206519
57,5.588699854782482
58,2.141008296973969
59,1.523242391884677
60,2.362458694622189
61,0.5437904302970502
62,3.732147500775554
63,3.066400708325068
64,3.809422506187313
65,3.0465451339010072
66,2.1230972019650913
67,1.3799701223586227
68,1.0293473400525144
69,2.1914838096560363
70,1.0957690166372522
71,1.578847380339845
72,0.05327296086947934
73,0.05327297079604903
74,2.2310858217617855
75,2.7745250767498817
76,2.8158934932689763
77,0.6636691943354823
78,5.458361523141452
79,2.335984641592231
80,0.27337252969366377
81,1.2705726588780886
82,3.2544898457129157
83,2.455013407474927
84,1.3254274421663488
85,2.6403440046488873
86,2.1627867528889557
87,3.1063811426123054
88,3.050888413331738
89,2.6443208529776836
90,0.0

Basket value: id_customer,basket
0,0
1,31
2,44
3,20
4,57
5,49
6,40
7,43
8,33
9,50
10,54
11,63
12,51
13,56
14,45
15,38
16,65
17,45
18,49
19,38
20,30
21,61
22,47
23,24
24,28
25,47
26,20
27,78
28,22
29,53
30,72
31,46
32,41
33,42
34,29
35,36
36,46
37,22
38,25
39,43
40,63
41,54
42,73
43,57
44,68
45,28
46,64
47,25
48,35
49,59
50,35
51,27
52,39
53,54
54,41
55,60
56,69
57,27
58,40
59,49
60,29
61,49
62,34
63,51
64,67
65,43
66,38
67,77
68,68
69,22
70,55
71,34
72,31
73,38
74,30
75,56
76,50
77,36
78,27
79,50
80,33
81,30
82,36
83,47
84,49
85,37
86,59
87,36
88,31
89,57
90,52

Service time: id_customer,time[min]
0,0
1,12
2,12
3,12
4,12
5,12
6,12
7,12
8,12
9,12
10,12
11,12
12,12
13,12
14,12
15,12
16,12
17,12
18,12
19,12
20,12
21,12
22,12
23,12
24,12
25,12
26,12
27,12
28,12
29,12
30,12
31,12
32,12
33,12
34,12
35,12
36,12
37,12
38,12
39,12
40,12
41,12
42,12
43,12
44,12
45,12
46,12
47,12
48,12
49,12
50,12
51,12
52,12
53,12
54,12
55,12
56,12
57,12
58,12
59,12
60,12
61,12
62,12
63,12
64,12
65,12
66,12
67,12
68,12
69,12
70,12
71,12
72,12
73,12
74,12
75,12
76,12
77,12
78,12
79,12
80,12
81,12
82,12
83,12
84,12
85,12
86,12
87,12
88,12
89,12
90,12

Customer segment: id_customer,segment
0,0
1,pensionerI
2,familyII
3,pensionerI
4,familyII
5,businessI
6,businessII
7,businessI
8,pensionerI
9,businessII
10,familyI
11,familyI
12,familyII
13,familyII
14,businessII
15,businessII
16,familyII
17,businessII
18,familyI
19,pensionerI
20,pensionerII
21,familyII
22,familyII
23,pensionerI
24,pensionerII
25,familyI
26,pensionerI
27,familyII
28,pensionerI
29,businessI
30,familyI
31,businessI
32,businessI
33,familyII
34,pensionerII
35,pensionerII
36,businessII
37,pensionerII
38,pensionerII
39,businessI
40,familyI
41,businessI
42,familyI
43,familyI
44,familyI
45,pensionerI
46,familyII
47,pensionerI
48,businessI
49,familyI
50,pensionerI
51,pensionerII
52,pensionerI
53,businessII
54,familyI
55,familyI
56,familyI
57,pensionerII
58,businessI
59,businessI
60,pensionerII
61,businessII
62,pensionerI
63,businessI
64,familyI
65,businessII
66,pensionerI
67,familyII
68,familyI
69,pensionerII
70,businessI
71,pensionerI
72,pensionerI
73,businessI
74,pensionerII
75,familyI
76,businessII
77,businessI
78,pensionerI
79,familyI
80,pensionerI
81,pensionerI
82,businessI
83,familyII
84,businessI
85,pensionerI
86,familyII
87,businessII
88,pensionerI
89,familyII
90,familyI

Preferences: id_customer,(time window id, day id, price id) --> most to least preferred  
1,(4, 2, 1),(1, 2, 1),(4, 1, 1),(1, 1, 1),(6, 2, 1),(4, 3, 1),(5, 2, 1),(2, 2, 1),(1, 3, 1),(3, 2, 1),(6, 1, 1),(5, 1, 1),(2, 1, 1),(3, 1, 1),(6, 3, 1),(5, 3, 1),(2, 3, 1),0
2,(2, 3, 1),(3, 3, 1),(2, 3, 2),(4, 3, 1),(3, 3, 2),(2, 3, 3),(4, 3, 2),(3, 3, 3),(4, 3, 3),(2, 1, 1),(3, 1, 1),(2, 1, 2),(2, 2, 1),(4, 1, 1),(6, 3, 1),(3, 1, 2),(2, 1, 3),(5, 3, 1),(3, 2, 1),(2, 2, 2),(4, 1, 2),(6, 3, 2),(3, 1, 3),(1, 3, 1),(4, 2, 1),(5, 3, 2),(3, 2, 2),(2, 2, 3),(4, 1, 3),(6, 3, 3),(1, 3, 2),(4, 2, 2),(5, 3, 3),(3, 2, 3),(1, 3, 3),(4, 2, 3),(6, 1, 1),(5, 1, 1),(6, 1, 2),(1, 1, 1),(6, 2, 1),(5, 1, 2),(5, 2, 1),(6, 1, 3),(1, 1, 2),(6, 2, 2),(5, 1, 3),(1, 2, 1),(5, 2, 2),(1, 1, 3),(6, 2, 3),(1, 2, 2),(5, 2, 3),0
3,(2, 1, 1),(6, 1, 1),(5, 1, 1),(2, 3, 1),(6, 3, 1),(5, 3, 1),(1, 1, 1),(2, 2, 1),(6, 2, 1),(1, 3, 1),(5, 2, 1),(1, 2, 1),(3, 1, 1),(4, 1, 1),(3, 3, 1),(4, 3, 1),(3, 2, 1),0
4,(2, 1, 1),(3, 1, 1),(2, 1, 2),(4, 1, 1),(3, 1, 2),(2, 1, 3),(4, 1, 2),(3, 1, 3),(4, 1, 3),(2, 2, 1),(1, 1, 1),(6, 1, 1),(3, 2, 1),(2, 2, 2),(5, 1, 1),(4, 2, 1),(1, 1, 2),(6, 1, 2),(3, 2, 2),(2, 2, 3),(5, 1, 2),(4, 2, 2),(1, 1, 3),(6, 1, 3),(3, 2, 3),(5, 1, 3),(2, 3, 1),(4, 2, 3),(3, 3, 1),(2, 3, 2),(4, 3, 1),(3, 3, 2),(2, 3, 3),(4, 3, 2),(3, 3, 3),(4, 3, 3),(1, 2, 1),(6, 2, 1),(5, 2, 1),(1, 2, 2),(6, 2, 2),(5, 2, 2),(1, 2, 3),(6, 2, 3),(5, 2, 3),(1, 3, 1),(6, 3, 1),(5, 3, 1),(1, 3, 2),(6, 3, 2),(5, 3, 2),(1, 3, 3),(6, 3, 3),0
5,(1, 3, 1),(1, 3, 2),(1, 3, 3),(5, 3, 1),(6, 3, 1),(5, 3, 2),(6, 3, 2),(5, 3, 3),(6, 3, 3),(2, 3, 1),(1, 1, 1),(2, 3, 2),(1, 1, 2),(2, 3, 3),(1, 1, 3),(5, 1, 1),(6, 1, 1),(5, 1, 2),(6, 1, 2),(5, 1, 3),(6, 1, 3),(2, 1, 1),(2, 1, 2),(2, 1, 3),(1, 2, 1),(1, 2, 2),(1, 2, 3),(5, 2, 1),(6, 2, 1),(5, 2, 2),(6, 2, 2),(5, 2, 3),(6, 2, 3),(2, 2, 1),(2, 2, 2),0
6,(1, 1, 1),(1, 1, 2),(1, 1, 3),(6, 1, 1),(6, 1, 2),(6, 1, 3),(1, 3, 1),(1, 3, 2),(1, 2, 1),(1, 3, 3),(1, 2, 2),(1, 2, 3),(6, 3, 1),(6, 3, 2),(6, 2, 1),(6, 3, 3),(6, 2, 2),0
7,(2, 3, 1),(2, 3, 2),(2, 3, 3),(6, 3, 1),(5, 3, 1),(6, 3, 2),(5, 3, 2),(6, 3, 3),(5, 3, 3),(1, 3, 1),(1, 3, 2),(1, 3, 3),(2, 1, 1),(2, 1, 2),(2, 1, 3),(6, 1, 1),(5, 1, 1),(6, 1, 2),(5, 1, 2),(6, 1, 3),(5, 1, 3),(1, 1, 1),(1, 1, 2),(1, 1, 3),(2, 2, 1),(2, 2, 2),(2, 2, 3),(6, 2, 1),(5, 2, 1),(6, 2, 2),(5, 2, 2),(6, 2, 3),(5, 2, 3),(1, 2, 1),(1, 2, 2),0
8,(1, 3, 1),(1, 1, 1),(6, 3, 1),(6, 1, 1),(4, 3, 1),(5, 3, 1),(1, 2, 1),(4, 1, 1),(5, 1, 1),(2, 3, 1),(6, 2, 1),(2, 1, 1),(3, 3, 1),(3, 1, 1),(4, 2, 1),(5, 2, 1),(2, 2, 1),0
9,(6, 2, 1),(6, 2, 2),(6, 2, 3),(1, 2, 1),(1, 2, 2),(1, 2, 3),(6, 1, 1),(6, 1, 2),(6, 1, 3),(1, 1, 1),(1, 1, 2),(1, 1, 3),(6, 3, 1),(6, 3, 2),(6, 3, 3),(1, 3, 1),(1, 3, 2),0
10,(2, 2, 1),(4, 2, 1),(2, 3, 1),(2, 1, 1),(4, 3, 1),(1, 2, 1),(4, 1, 1),(3, 2, 1),(5, 2, 1),(6, 2, 1),(1, 3, 1),(1, 1, 1),(3, 3, 1),(3, 1, 1),(5, 3, 1),(6, 3, 1),(5, 1, 1),0
11,(2, 3, 1),(2, 2, 1),(2, 1, 1),(4, 3, 1),(4, 2, 1),(4, 1, 1),(6, 3, 1),(3, 3, 1),(1, 3, 1),(5, 3, 1),(6, 2, 1),(3, 2, 1),(1, 2, 1),(5, 2, 1),(6, 1, 1),(3, 1, 1),(1, 1, 1),0
12,(4, 2, 1),(2, 2, 1),(4, 2, 2),(2, 2, 2),(3, 2, 1),(4, 2, 3),(2, 2, 3),(3, 2, 2),(3, 2, 3),(4, 1, 1),(2, 1, 1),(4, 3, 1),(2, 3, 1),(4, 1, 2),(2, 1, 2),(3, 1, 1),(4, 3, 2),(2, 3, 2),(4, 1, 3),(2, 1, 3),(3, 3, 1),(3, 1, 2),(4, 3, 3),(1, 2, 1),(2, 3, 3),(3, 3, 2),(3, 1, 3),(6, 2, 1),(1, 2, 2),(5, 2, 1),(3, 3, 3),(6, 2, 2),(1, 2, 3),(5, 2, 2),(6, 2, 3),(5, 2, 3),(1, 1, 1),(1, 3, 1),(6, 1, 1),(1, 1, 2),(5, 1, 1),(6, 3, 1),(1, 3, 2),(5, 3, 1),(6, 1, 2),(1, 1, 3),(5, 1, 2),(6, 3, 2),(1, 3, 3),(5, 3, 2),(6, 1, 3),(5, 1, 3),(6, 3, 3),0
13,(4, 3, 1),(4, 2, 1),(3, 3, 1),(4, 3, 2),(3, 2, 1),(4, 2, 2),(3, 3, 2),(4, 3, 3),(3, 2, 2),(2, 3, 1),(4, 2, 3),(2, 2, 1),(3, 3, 3),(3, 2, 3),(2, 3, 2),(2, 2, 2),(2, 3, 3),(4, 1, 1),(2, 2, 3),(3, 1, 1),(4, 1, 2),(3, 1, 2),(4, 1, 3),(2, 1, 1),(6, 3, 1),(3, 1, 3),(6, 2, 1),(2, 1, 2),(6, 3, 2),(6, 2, 2),(2, 1, 3),(6, 3, 3),(1, 3, 1),(5, 3, 1),(6, 2, 3),(1, 2, 1),(5, 2, 1),(1, 3, 2),(5, 3, 2),(1, 2, 2),(5, 2, 2),(1, 3, 3),(6, 1, 1),(5, 3, 3),(1, 2, 3),(5, 2, 3),(6, 1, 2),(6, 1, 3),(1, 1, 1),(5, 1, 1),(1, 1, 2),(5, 1, 2),(1, 1, 3),0
14,(6, 1, 1),(1, 1, 1),(6, 1, 2),(1, 1, 2),(6, 1, 3),(1, 1, 3),(6, 3, 1),(1, 3, 1),(6, 3, 2),(1, 3, 2),(6, 3, 3),(1, 3, 3),(6, 2, 1),(1, 2, 1),(6, 2, 2),(1, 2, 2),(6, 2, 3),0
15,(1, 2, 1),(1, 2, 2),(1, 2, 3),(6, 2, 1),(6, 2, 2),(6, 2, 3),(1, 3, 1),(1, 1, 1),(1, 3, 2),(1, 1, 2),(1, 3, 3),(1, 1, 3),(6, 3, 1),(6, 1, 1),(6, 3, 2),(6, 1, 2),(6, 3, 3),0
16,(2, 1, 1),(4, 1, 1),(2, 2, 1),(2, 1, 2),(4, 2, 1),(4, 1, 2),(3, 1, 1),(2, 2, 2),(2, 1, 3),(4, 2, 2),(4, 1, 3),(3, 2, 1),(3, 1, 2),(2, 3, 1),(4, 3, 1),(2, 2, 3),(4, 2, 3),(3, 2, 2),(3, 1, 3),(2, 3, 2),(4, 3, 2),(3, 3, 1),(3, 2, 3),(2, 3, 3),(4, 3, 3),(3, 3, 2),(3, 3, 3),(1, 1, 1),(1, 2, 1),(1, 1, 2),(1, 2, 2),(1, 1, 3),(1, 3, 1),(5, 1, 1),(6, 1, 1),(1, 2, 3),(1, 3, 2),(5, 2, 1),(5, 1, 2),(6, 2, 1),(6, 1, 2),(1, 3, 3),(5, 2, 2),(5, 1, 3),(6, 2, 2),(6, 1, 3),(5, 3, 1),(6, 3, 1),(5, 2, 3),(6, 2, 3),(5, 3, 2),(6, 3, 2),(5, 3, 3),0
17,(6, 1, 1),(6, 1, 2),(6, 1, 3),(6, 2, 1),(6, 2, 2),(6, 2, 3),(6, 3, 1),(6, 3, 2),(6, 3, 3),(1, 1, 1),(1, 1, 2),(1, 1, 3),(1, 2, 1),(1, 2, 2),(1, 2, 3),(1, 3, 1),(1, 3, 2),0
18,(2, 3, 1),(4, 3, 1),(2, 2, 1),(4, 2, 1),(2, 1, 1),(4, 1, 1),(3, 3, 1),(3, 2, 1),(3, 1, 1),(6, 3, 1),(1, 3, 1),(5, 3, 1),(6, 2, 1),(1, 2, 1),(5, 2, 1),(6, 1, 1),(1, 1, 1),0
19,(6, 2, 1),(4, 2, 1),(2, 2, 1),(5, 2, 1),(3, 2, 1),(1, 2, 1),(6, 3, 1),(6, 1, 1),(4, 3, 1),(4, 1, 1),(2, 3, 1),(2, 1, 1),(5, 3, 1),(5, 1, 1),(3, 3, 1),(1, 3, 1),(3, 1, 1),0
20,(1, 1, 1),(1, 1, 2),(4, 1, 1),(3, 1, 1),(4, 1, 2),(3, 1, 2),(1, 3, 1),(1, 2, 1),(1, 3, 2),(1, 2, 2),(4, 3, 1),(3, 3, 1),(4, 2, 1),(3, 2, 1),(4, 3, 2),(3, 3, 2),(4, 2, 2),(3, 2, 2),(2, 1, 1),(2, 1, 2),(6, 1, 1),(6, 1, 2),(5, 1, 1),(5, 1, 2),(2, 3, 1),(2, 2, 1),(2, 3, 2),(2, 2, 2),(6, 3, 1),(6, 2, 1),(6, 3, 2),(6, 2, 2),(5, 3, 1),(5, 2, 1),(5, 3, 2),0
21,(3, 2, 1),(3, 2, 2),(4, 2, 1),(3, 2, 3),(2, 2, 1),(4, 2, 2),(2, 2, 2),(4, 2, 3),(2, 2, 3),(3, 3, 1),(3, 3, 2),(4, 3, 1),(5, 2, 1),(3, 3, 3),(3, 1, 1),(2, 3, 1),(4, 3, 2),(5, 2, 2),(3, 1, 2),(2, 3, 2),(6, 2, 1),(1, 2, 1),(4, 3, 3),(5, 2, 3),(4, 1, 1),(3, 1, 3),(2, 3, 3),(6, 2, 2),(1, 2, 2),(2, 1, 1),(4, 1, 2),(6, 2, 3),(1, 2, 3),(2, 1, 2),(4, 1, 3),(2, 1, 3),(5, 3, 1),(5, 3, 2),(6, 3, 1),(1, 3, 1),(5, 3, 3),(5, 1, 1),(6, 3, 2),(1, 3, 2),(5, 1, 2),(6, 3, 3),(1, 3, 3),(6, 1, 1),(1, 1, 1),(5, 1, 3),(6, 1, 2),(1, 1, 2),(6, 1, 3),0
22,(3, 3, 1),(3, 3, 2),(2, 3, 1),(4, 3, 1),(3, 3, 3),(3, 1, 1),(2, 3, 2),(4, 3, 2),(3, 1, 2),(2, 3, 3),(2, 1, 1),(4, 3, 3),(4, 1, 1),(3, 1, 3),(2, 1, 2),(4, 1, 2),(2, 1, 3),(4, 1, 3),(3, 2, 1),(1, 3, 1),(3, 2, 2),(2, 2, 1),(4, 2, 1),(1, 3, 2),(5, 3, 1),(3, 2, 3),(6, 3, 1),(2, 2, 2),(4, 2, 2),(1, 3, 3),(1, 1, 1),(5, 3, 2),(6, 3, 2),(2, 2, 3),(4, 2, 3),(1, 1, 2),(5, 3, 3),(5, 1, 1),(6, 3, 3),(6, 1, 1),(1, 1, 3),(5, 1, 2),(6, 1, 2),(5, 1, 3),(6, 1, 3),(1, 2, 1),(1, 2, 2),(5, 2, 1),(6, 2, 1),(1, 2, 3),(5, 2, 2),(6, 2, 2),(5, 2, 3),0
23,(2, 1, 1),(2, 2, 1),(2, 3, 1),(4, 1, 1),(3, 1, 1),(6, 1, 1),(4, 2, 1),(3, 2, 1),(6, 2, 1),(5, 1, 1),(1, 1, 1),(4, 3, 1),(5, 2, 1),(1, 2, 1),(3, 3, 1),(6, 3, 1),(5, 3, 1),0
24,(3, 1, 1),(3, 1, 2),(4, 1, 1),(4, 1, 2),(1, 1, 1),(3, 2, 1),(1, 1, 2),(3, 3, 1),(3, 2, 2),(3, 3, 2),(4, 2, 1),(4, 3, 1),(4, 2, 2),(4, 3, 2),(1, 2, 1),(1, 3, 1),(1, 2, 2),(1, 3, 2),(5, 1, 1),(5, 1, 2),(6, 1, 1),(6, 1, 2),(2, 1, 1),(2, 1, 2),(5, 2, 1),(5, 3, 1),(5, 2, 2),(5, 3, 2),(6, 2, 1),(6, 3, 1),(6, 2, 2),(6, 3, 2),(2, 2, 1),(2, 3, 1),(2, 2, 2),0
25,(2, 2, 1),(4, 2, 1),(2, 1, 1),(4, 1, 1),(6, 2, 1),(1, 2, 1),(2, 3, 1),(4, 3, 1),(3, 2, 1),(5, 2, 1),(6, 1, 1),(1, 1, 1),(3, 1, 1),(5, 1, 1),(6, 3, 1),(1, 3, 1),(3, 3, 1),0
26,(3, 2, 1),(2, 2, 1),(3, 1, 1),(2, 1, 1),(1, 2, 1),(6, 2, 1),(3, 3, 1),(4, 2, 1),(5, 2, 1),(2, 3, 1),(1, 1, 1),(6, 1, 1),(4, 1, 1),(5, 1, 1),(1, 3, 1),(6, 3, 1),(4, 3, 1),0
27,(2, 1, 1),(2, 1, 2),(4, 1, 1),(2, 1, 3),(3, 1, 1),(4, 1, 2),(3, 1, 2),(4, 1, 3),(3, 1, 3),(1, 1, 1),(6, 1, 1),(1, 1, 2),(5, 1, 1),(6, 1, 2),(1, 1, 3),(5, 1, 2),(2, 3, 1),(6, 1, 3),(5, 1, 3),(2, 3, 2),(4, 3, 1),(2, 2, 1),(2, 3, 3),(3, 3, 1),(4, 3, 2),(2, 2, 2),(3, 3, 2),(4, 2, 1),(4, 3, 3),(2, 2, 3),(3, 2, 1),(3, 3, 3),(4, 2, 2),(3, 2, 2),(4, 2, 3),(3, 2, 3),(1, 3, 1),(6, 3, 1),(1, 3, 2),(5, 3, 1),(6, 3, 2),(1, 2, 1),(1, 3, 3),(5, 3, 2),(6, 2, 1),(6, 3, 3),(1, 2, 2),(5, 2, 1),(5, 3, 3),(6, 2, 2),(1, 2, 3),(5, 2, 2),(6, 2, 3),0
28,(2, 3, 1),(4, 3, 1),(1, 3, 1),(3, 3, 1),(5, 3, 1),(2, 2, 1),(2, 1, 1),(6, 3, 1),(4, 2, 1),(4, 1, 1),(1, 2, 1),(1, 1, 1),(3, 2, 1),(3, 1, 1),(5, 2, 1),(5, 1, 1),(6, 2, 1),0
29,(1, 2, 1),(1, 2, 2),(5, 2, 1),(1, 2, 3),(5, 2, 2),(5, 2, 3),(6, 2, 1),(6, 2, 2),(6, 2, 3),(2, 2, 1),(2, 2, 2),(2, 2, 3),(1, 3, 1),(1, 3, 2),(5, 3, 1),(1, 3, 3),(5, 3, 2),(5, 3, 3),(6, 3, 1),(6, 3, 2),(6, 3, 3),(2, 3, 1),(2, 3, 2),(1, 1, 1),(2, 3, 3),(1, 1, 2),(5, 1, 1),(1, 1, 3),(5, 1, 2),(5, 1, 3),(6, 1, 1),(6, 1, 2),(6, 1, 3),(2, 1, 1),(2, 1, 2),0
30,(2, 3, 1),(4, 3, 1),(2, 1, 1),(4, 1, 1),(1, 3, 1),(6, 3, 1),(2, 2, 1),(4, 2, 1),(3, 3, 1),(1, 1, 1),(5, 3, 1),(6, 1, 1),(3, 1, 1),(1, 2, 1),(5, 1, 1),(6, 2, 1),(3, 2, 1),0
31,(6, 2, 1),(6, 2, 2),(6, 2, 3),(1, 2, 1),(1, 2, 2),(1, 2, 3),(5, 2, 1),(5, 2, 2),(5, 2, 3),(2, 2, 1),(2, 2, 2),(2, 2, 3),(6, 1, 1),(6, 1, 2),(6, 1, 3),(1, 1, 1),(1, 1, 2),(1, 1, 3),(5, 1, 1),(5, 1, 2),(5, 1, 3),(2, 1, 1),(2, 1, 2),(6, 3, 1),(2, 1, 3),(6, 3, 2),(6, 3, 3),(1, 3, 1),(1, 3, 2),(1, 3, 3),(5, 3, 1),(5, 3, 2),(5, 3, 3),(2, 3, 1),(2, 3, 2),0
32,(6, 3, 1),(6, 3, 2),(5, 3, 1),(1, 3, 1),(6, 3, 3),(5, 3, 2),(1, 3, 2),(5, 3, 3),(1, 3, 3),(2, 3, 1),(2, 3, 2),(2, 3, 3),(6, 2, 1),(6, 2, 2),(5, 2, 1),(1, 2, 1),(6, 2, 3),(5, 2, 2),(1, 2, 2),(5, 2, 3),(1, 2, 3),(2, 2, 1),(2, 2, 2),(2, 2, 3),(6, 1, 1),(6, 1, 2),(5, 1, 1),(1, 1, 1),(6, 1, 3),(5, 1, 2),(1, 1, 2),(5, 1, 3),(1, 1, 3),(2, 1, 1),(2, 1, 2),0
33,(3, 2, 1),(3, 2, 2),(3, 2, 3),(3, 1, 1),(2, 2, 1),(4, 2, 1),(3, 1, 2),(2, 2, 2),(4, 2, 2),(3, 1, 3),(2, 2, 3),(3, 3, 1),(4, 2, 3),(2, 1, 1),(4, 1, 1),(3, 3, 2),(2, 1, 2),(4, 1, 2),(3, 3, 3),(2, 1, 3),(2, 3, 1),(4, 1, 3),(4, 3, 1),(1, 2, 1),(6, 2, 1),(2, 3, 2),(4, 3, 2),(1, 2, 2),(6, 2, 2),(2, 3, 3),(4, 3, 3),(5, 2, 1),(1, 2, 3),(6, 2, 3),(1, 1, 1),(5, 2, 2),(6, 1, 1),(1, 1, 2),(5, 2, 3),(6, 1, 2),(5, 1, 1),(1, 1, 3),(1, 3, 1),(6, 1, 3),(6, 3, 1),(5, 1, 2),(1, 3, 2),(6, 3, 2),(5, 1, 3),(5, 3, 1),(1, 3, 3),(6, 3, 3),(5, 3, 2),0
34,(1, 2, 1),(1, 2, 2),(3, 2, 1),(4, 2, 1),(3, 2, 2),(4, 2, 2),(6, 2, 1),(6, 2, 2),(1, 1, 1),(1, 1, 2),(5, 2, 1),(5, 2, 2),(3, 1, 1),(4, 1, 1),(3, 1, 2),(1, 3, 1),(4, 1, 2),(1, 3, 2),(2, 2, 1),(2, 2, 2),(3, 3, 1),(4, 3, 1),(3, 3, 2),(4, 3, 2),(6, 1, 1),(6, 1, 2),(6, 3, 1),(6, 3, 2),(5, 1, 1),(5, 1, 2),(2, 1, 1),(5, 3, 1),(2, 1, 2),(5, 3, 2),(2, 3, 1),0
35,(1, 3, 1),(4, 3, 1),(3, 3, 1),(1, 3, 2),(4, 3, 2),(3, 3, 2),(5, 3, 1),(5, 3, 2),(6, 3, 1),(6, 3, 2),(2, 3, 1),(2, 3, 2),(1, 2, 1),(4, 2, 1),(3, 2, 1),(1, 2, 2),(4, 2, 2),(3, 2, 2),(1, 1, 1),(4, 1, 1),(3, 1, 1),(1, 1, 2),(4, 1, 2),(3, 1, 2),(5, 2, 1),(5, 2, 2),(6, 2, 1),(6, 2, 2),(5, 1, 1),(5, 1, 2),(6, 1, 1),(6, 1, 2),(2, 2, 1),(2, 2, 2),(2, 1, 1),0
36,(6, 1, 1),(6, 1, 2),(1, 1, 1),(6, 1, 3),(1, 1, 2),(1, 1, 3),(6, 2, 1),(6, 2, 2),(1, 2, 1),(6, 2, 3),(1, 2, 2),(1, 2, 3),(6, 3, 1),(6, 3, 2),(1, 3, 1),(6, 3, 3),(1, 3, 2),0
37,(3, 3, 1),(3, 3, 2),(1, 3, 1),(1, 3, 2),(4, 3, 1),(4, 3, 2),(3, 1, 1),(3, 2, 1),(3, 1, 2),(3, 2, 2),(1, 1, 1),(1, 2, 1),(1, 1, 2),(1, 2, 2),(4, 1, 1),(4, 2, 1),(4, 1, 2),(4, 2, 2),(5, 3, 1),(5, 3, 2),(6, 3, 1),(6, 3, 2),(2, 3, 1),(2, 3, 2),(5, 1, 1),(5, 2, 1),(5, 1, 2),(5, 2, 2),(6, 1, 1),(6, 2, 1),(6, 1, 2),(6, 2, 2),(2, 1, 1),(2, 2, 1),(2, 1, 2),0
38,(4, 3, 1),(4, 3, 2),(3, 3, 1),(1, 3, 1),(3, 3, 2),(1, 3, 2),(4, 2, 1),(4, 2, 2),(3, 2, 1),(1, 2, 1),(3, 2, 2),(1, 2, 2),(4, 1, 1),(4, 1, 2),(3, 1, 1),(1, 1, 1),(3, 1, 2),(1, 1, 2),(2, 3, 1),(2, 3, 2),(2, 2, 1),(2, 2, 2),(6, 3, 1),(6, 3, 2),(5, 3, 1),(5, 3, 2),(2, 1, 1),(2, 1, 2),(6, 2, 1),(6, 2, 2),(5, 2, 1),(5, 2, 2),(6, 1, 1),(6, 1, 2),(5, 1, 1),0
39,(6, 1, 1),(6, 1, 2),(6, 1, 3),(2, 1, 1),(2, 1, 2),(2, 1, 3),(1, 1, 1),(5, 1, 1),(1, 1, 2),(5, 1, 2),(1, 1, 3),(5, 1, 3),(6, 3, 1),(6, 3, 2),(6, 3, 3),(6, 2, 1),(6, 2, 2),(6, 2, 3),(2, 3, 1),(2, 3, 2),(2, 3, 3),(2, 2, 1),(2, 2, 2),(2, 2, 3),(1, 3, 1),(5, 3, 1),(1, 3, 2),(5, 3, 2),(1, 3, 3),(5, 3, 3),(1, 2, 1),(5, 2, 1),(1, 2, 2),(5, 2, 2),(1, 2, 3),0
40,(2, 1, 1),(4, 1, 1),(1, 1, 1),(2, 2, 1),(5, 1, 1),(3, 1, 1),(2, 3, 1),(6, 1, 1),(4, 2, 1),(4, 3, 1),(1, 2, 1),(1, 3, 1),(5, 2, 1),(3, 2, 1),(6, 2, 1),(5, 3, 1),(3, 3, 1),0
41,(6, 2, 1),(6, 2, 2),(6, 2, 3),(1, 2, 1),(1, 2, 2),(1, 2, 3),(2, 2, 1),(2, 2, 2),(2, 2, 3),(5, 2, 1),(5, 2, 2),(5, 2, 3),(6, 3, 1),(6, 3, 2),(6, 3, 3),(6, 1, 1),(6, 1, 2),(6, 1, 3),(1, 3, 1),(1, 3, 2),(1, 3, 3),(2, 3, 1),(2, 3, 2),(1, 1, 1),(2, 3, 3),(1, 1, 2),(5, 3, 1),(1, 1, 3),(2, 1, 1),(5, 3, 2),(2, 1, 2),(5, 3, 3),(2, 1, 3),(5, 1, 1),(5, 1, 2),0
42,(4, 3, 1),(4, 1, 1),(2, 3, 1),(2, 1, 1),(4, 2, 1),(2, 2, 1),(6, 3, 1),(6, 1, 1),(5, 3, 1),(3, 3, 1),(5, 1, 1),(1, 3, 1),(3, 1, 1),(1, 1, 1),(6, 2, 1),(5, 2, 1),(3, 2, 1),0
43,(4, 3, 1),(2, 3, 1),(6, 3, 1),(4, 1, 1),(4, 2, 1),(5, 3, 1),(1, 3, 1),(3, 3, 1),(2, 1, 1),(2, 2, 1),(6, 1, 1),(6, 2, 1),(5, 1, 1),(1, 1, 1),(5, 2, 1),(1, 2, 1),(3, 1, 1),0
44,(2, 2, 1),(4, 2, 1),(2, 1, 1),(4, 1, 1),(2, 3, 1),(4, 3, 1),(6, 2, 1),(3, 2, 1),(1, 2, 1),(5, 2, 1),(6, 1, 1),(3, 1, 1),(1, 1, 1),(5, 1, 1),(6, 3, 1),(3, 3, 1),(1, 3, 1),0
45,(4, 2, 1),(1, 2, 1),(3, 2, 1),(4, 1, 1),(1, 1, 1),(3, 1, 1),(6, 2, 1),(2, 2, 1),(6, 1, 1),(5, 2, 1),(2, 1, 1),(4, 3, 1),(1, 3, 1),(3, 3, 1),(5, 1, 1),(6, 3, 1),(2, 3, 1),0
46,(3, 2, 1),(4, 2, 1),(3, 3, 1),(3, 2, 2),(2, 2, 1),(4, 3, 1),(4, 2, 2),(3, 3, 2),(3, 2, 3),(2, 3, 1),(2, 2, 2),(4, 3, 2),(3, 1, 1),(4, 2, 3),(3, 3, 3),(4, 1, 1),(2, 3, 2),(2, 2, 3),(4, 3, 3),(3, 1, 2),(2, 1, 1),(4, 1, 2),(2, 3, 3),(3, 1, 3),(2, 1, 2),(4, 1, 3),(1, 2, 1),(2, 1, 3),(1, 3, 1),(1, 2, 2),(1, 3, 2),(5, 2, 1),(1, 2, 3),(6, 2, 1),(1, 1, 1),(5, 3, 1),(1, 3, 3),(5, 2, 2),(6, 3, 1),(6, 2, 2),(1, 1, 2),(5, 3, 2),(5, 2, 3),(6, 3, 2),(6, 2, 3),(5, 1, 1),(1, 1, 3),(5, 3, 3),(6, 1, 1),(6, 3, 3),(5, 1, 2),(6, 1, 2),(5, 1, 3),0
47,(6, 1, 1),(4, 1, 1),(6, 3, 1),(1, 1, 1),(6, 2, 1),(4, 3, 1),(3, 1, 1),(2, 1, 1),(5, 1, 1),(4, 2, 1),(1, 3, 1),(3, 3, 1),(2, 3, 1),(5, 3, 1),(1, 2, 1),(3, 2, 1),(2, 2, 1),0
48,(2, 3, 1),(2, 3, 2),(2, 3, 3),(5, 3, 1),(5, 3, 2),(5, 3, 3),(1, 3, 1),(6, 3, 1),(1, 3, 2),(6, 3, 2),(1, 3, 3),(6, 3, 3),(2, 1, 1),(2, 1, 2),(2, 1, 3),(5, 1, 1),(5, 1, 2),(5, 1, 3),(1, 1, 1),(6, 1, 1),(1, 1, 2),(6, 1, 2),(1, 1, 3),(6, 1, 3),(2, 2, 1),(2, 2, 2),(2, 2, 3),(5, 2, 1),(5, 2, 2),(5, 2, 3),(1, 2, 1),(6, 2, 1),(1, 2, 2),(6, 2, 2),(1, 2, 3),0
49,(2, 3, 1),(4, 3, 1),(2, 1, 1),(2, 2, 1),(4, 1, 1),(4, 2, 1),(3, 3, 1),(5, 3, 1),(1, 3, 1),(6, 3, 1),(3, 1, 1),(3, 2, 1),(5, 1, 1),(1, 1, 1),(5, 2, 1),(1, 2, 1),(6, 1, 1),0
50,(6, 3, 1),(3, 3, 1),(6, 2, 1),(4, 3, 1),(6, 1, 1),(2, 3, 1),(5, 3, 1),(1, 3, 1),(3, 2, 1),(4, 2, 1),(3, 1, 1),(2, 2, 1),(4, 1, 1),(5, 2, 1),(1, 2, 1),(2, 1, 1),(5, 1, 1),0
51,(3, 2, 1),(3, 2, 2),(4, 2, 1),(4, 2, 2),(1, 2, 1),(1, 2, 2),(3, 1, 1),(3, 1, 2),(4, 1, 1),(4, 1, 2),(1, 1, 1),(1, 1, 2),(3, 3, 1),(3, 3, 2),(4, 3, 1),(4, 3, 2),(1, 3, 1),(1, 3, 2),(2, 2, 1),(2, 2, 2),(6, 2, 1),(6, 2, 2),(5, 2, 1),(5, 2, 2),(2, 1, 1),(2, 1, 2),(6, 1, 1),(6, 1, 2),(5, 1, 1),(5, 1, 2),(2, 3, 1),(2, 3, 2),(6, 3, 1),(6, 3, 2),(5, 3, 1),0
52,(2, 1, 1),(2, 2, 1),(5, 1, 1),(6, 1, 1),(4, 1, 1),(5, 2, 1),(6, 2, 1),(3, 1, 1),(1, 1, 1),(2, 3, 1),(4, 2, 1),(3, 2, 1),(1, 2, 1),(5, 3, 1),(6, 3, 1),(4, 3, 1),(3, 3, 1),0
53,(1, 1, 1),(1, 1, 2),(1, 1, 3),(6, 1, 1),(6, 1, 2),(6, 1, 3),(1, 2, 1),(1, 2, 2),(1, 2, 3),(6, 2, 1),(1, 3, 1),(6, 2, 2),(1, 3, 2),(6, 2, 3),(1, 3, 3),(6, 3, 1),(6, 3, 2),0
54,(4, 2, 1),(4, 1, 1),(2, 2, 1),(4, 3, 1),(2, 1, 1),(2, 3, 1),(5, 2, 1),(6, 2, 1),(1, 2, 1),(3, 2, 1),(5, 1, 1),(6, 1, 1),(1, 1, 1),(3, 1, 1),(5, 3, 1),(6, 3, 1),(1, 3, 1),0
55,(4, 3, 1),(4, 1, 1),(2, 3, 1),(2, 1, 1),(4, 2, 1),(2, 2, 1),(6, 3, 1),(6, 1, 1),(5, 3, 1),(1, 3, 1),(3, 3, 1),(5, 1, 1),(1, 1, 1),(3, 1, 1),(6, 2, 1),(5, 2, 1),(1, 2, 1),0
56,(4, 1, 1),(2, 1, 1),(4, 2, 1),(2, 2, 1),(4, 3, 1),(2, 3, 1),(5, 1, 1),(3, 1, 1),(5, 2, 1),(6, 1, 1),(1, 1, 1),(5, 3, 1),(3, 2, 1),(6, 2, 1),(1, 2, 1),(3, 3, 1),(6, 3, 1),0
57,(3, 1, 1),(3, 1, 2),(4, 1, 1),(4, 1, 2),(1, 1, 1),(1, 1, 2),(3, 3, 1),(3, 3, 2),(4, 3, 1),(4, 3, 2),(3, 2, 1),(3, 2, 2),(4, 2, 1),(4, 2, 2),(1, 3, 1),(1, 3, 2),(1, 2, 1),(1, 2, 2),(5, 1, 1),(5, 1, 2),(2, 1, 1),(2, 1, 2),(6, 1, 1),(6, 1, 2),(5, 3, 1),(5, 3, 2),(2, 3, 1),(5, 2, 1),(2, 3, 2),(5, 2, 2),(6, 3, 1),(6, 3, 2),(2, 2, 1),(2, 2, 2),(6, 2, 1),0
58,(2, 1, 1),(2, 1, 2),(2, 1, 3),(1, 1, 1),(1, 1, 2),(1, 1, 3),(5, 1, 1),(5, 1, 2),(5, 1, 3),(6, 1, 1),(6, 1, 2),(6, 1, 3),(2, 2, 1),(2, 2, 2),(2, 2, 3),(1, 2, 1),(2, 3, 1),(1, 2, 2),(2, 3, 2),(1, 2, 3),(2, 3, 3),(5, 2, 1),(5, 2, 2),(5, 2, 3),(6, 2, 1),(6, 2, 2),(6, 2, 3),(1, 3, 1),(1, 3, 2),(1, 3, 3),(5, 3, 1),(5, 3, 2),(5, 3, 3),(6, 3, 1),(6, 3, 2),0
59,(2, 2, 1),(1, 2, 1),(2, 2, 2),(1, 2, 2),(2, 2, 3),(1, 2, 3),(5, 2, 1),(6, 2, 1),(5, 2, 2),(6, 2, 2),(5, 2, 3),(6, 2, 3),(2, 3, 1),(1, 3, 1),(2, 3, 2),(1, 3, 2),(2, 3, 3),(1, 3, 3),(5, 3, 1),(6, 3, 1),(5, 3, 2),(6, 3, 2),(5, 3, 3),(6, 3, 3),(2, 1, 1),(1, 1, 1),(2, 1, 2),(1, 1, 2),(2, 1, 3),(1, 1, 3),(5, 1, 1),(6, 1, 1),(5, 1, 2),(6, 1, 2),(5, 1, 3),0
60,(4, 1, 1),(4, 1, 2),(3, 1, 1),(3, 1, 2),(1, 1, 1),(1, 1, 2),(4, 3, 1),(4, 3, 2),(4, 2, 1),(3, 3, 1),(4, 2, 2),(3, 3, 2),(3, 2, 1),(3, 2, 2),(1, 3, 1),(1, 3, 2),(1, 2, 1),(1, 2, 2),(2, 1, 1),(2, 1, 2),(5, 1, 1),(5, 1, 2),(6, 1, 1),(6, 1, 2),(2, 3, 1),(2, 3, 2),(2, 2, 1),(5, 3, 1),(2, 2, 2),(5, 3, 2),(6, 3, 1),(6, 3, 2),(5, 2, 1),(5, 2, 2),(6, 2, 1),0
61,(6, 3, 1),(1, 3, 1),(6, 3, 2),(1, 3, 2),(6, 3, 3),(1, 3, 3),(6, 2, 1),(1, 2, 1),(6, 2, 2),(1, 2, 2),(6, 2, 3),(1, 2, 3),(6, 1, 1),(1, 1, 1),(6, 1, 2),(1, 1, 2),(6, 1, 3),0
62,(2, 3, 1),(2, 2, 1),(2, 1, 1),(4, 3, 1),(4, 2, 1),(6, 3, 1),(1, 3, 1),(4, 1, 1),(5, 3, 1),(3, 3, 1),(6, 2, 1),(1, 2, 1),(5, 2, 1),(3, 2, 1),(6, 1, 1),(1, 1, 1),(5, 1, 1),0
63,(5, 3, 1),(5, 3, 2),(5, 3, 3),(1, 3, 1),(6, 3, 1),(1, 3, 2),(6, 3, 2),(1, 3, 3),(6, 3, 3),(2, 3, 1),(2, 3, 2),(2, 3, 3),(5, 1, 1),(5, 1, 2),(5, 1, 3),(1, 1, 1),(6, 1, 1),(1, 1, 2),(6, 1, 2),(1, 1, 3),(6, 1, 3),(2, 1, 1),(2, 1, 2),(2, 1, 3),(5, 2, 1),(5, 2, 2),(5, 2, 3),(1, 2, 1),(6, 2, 1),(1, 2, 2),(6, 2, 2),(1, 2, 3),(6, 2, 3),(2, 2, 1),(2, 2, 2),0
64,(2, 2, 1),(4, 2, 1),(6, 2, 1),(2, 3, 1),(5, 2, 1),(4, 3, 1),(2, 1, 1),(3, 2, 1),(1, 2, 1),(4, 1, 1),(6, 3, 1),(6, 1, 1),(5, 3, 1),(3, 3, 1),(1, 3, 1),(5, 1, 1),(3, 1, 1),0
65,(1, 2, 1),(1, 2, 2),(1, 2, 3),(6, 2, 1),(6, 2, 2),(6, 2, 3),(1, 3, 1),(1, 3, 2),(1, 3, 3),(6, 3, 1),(6, 3, 2),(6, 3, 3),(1, 1, 1),(1, 1, 2),(1, 1, 3),(6, 1, 1),(6, 1, 2),0
66,(1, 2, 1),(1, 1, 1),(1, 3, 1),(4, 2, 1),(4, 1, 1),(3, 2, 1),(3, 1, 1),(6, 2, 1),(5, 2, 1),(2, 2, 1),(6, 1, 1),(5, 1, 1),(4, 3, 1),(2, 1, 1),(3, 3, 1),(6, 3, 1),(5, 3, 1),0
67,(2, 1, 1),(4, 1, 1),(3, 1, 1),(2, 1, 2),(4, 1, 2),(3, 1, 2),(2, 1, 3),(4, 1, 3),(1, 1, 1),(3, 1, 3),(2, 3, 1),(4, 3, 1),(3, 3, 1),(1, 1, 2),(2, 3, 2),(4, 3, 2),(3, 3, 2),(2, 2, 1),(1, 1, 3),(2, 3, 3),(4, 2, 1),(3, 2, 1),(4, 3, 3),(1, 3, 1),(3, 3, 3),(2, 2, 2),(4, 2, 2),(3, 2, 2),(1, 3, 2),(6, 1, 1),(2, 2, 3),(4, 2, 3),(1, 2, 1),(3, 2, 3),(1, 3, 3),(6, 1, 2),(5, 1, 1),(1, 2, 2),(6, 1, 3),(5, 1, 2),(1, 2, 3),(6, 3, 1),(5, 1, 3),(6, 3, 2),(5, 3, 1),(6, 2, 1),(6, 3, 3),(5, 3, 2),(6, 2, 2),(5, 2, 1),(5, 3, 3),(6, 2, 3),(5, 2, 2),0
68,(4, 3, 1),(2, 3, 1),(4, 2, 1),(4, 1, 1),(2, 2, 1),(2, 1, 1),(1, 3, 1),(6, 3, 1),(1, 2, 1),(5, 3, 1),(1, 1, 1),(6, 2, 1),(3, 3, 1),(6, 1, 1),(5, 2, 1),(5, 1, 1),(3, 2, 1),0
69,(4, 1, 1),(4, 1, 2),(1, 1, 1),(1, 1, 2),(3, 1, 1),(3, 1, 2),(5, 1, 1),(5, 1, 2),(4, 3, 1),(4, 3, 2),(2, 1, 1),(6, 1, 1),(2, 1, 2),(6, 1, 2),(1, 3, 1),(1, 3, 2),(3, 3, 1),(3, 3, 2),(4, 2, 1),(4, 2, 2),(1, 2, 1),(1, 2, 2),(3, 2, 1),(3, 2, 2),(5, 3, 1),(5, 3, 2),(2, 3, 1),(6, 3, 1),(2, 3, 2),(6, 3, 2),(5, 2, 1),(5, 2, 2),(2, 2, 1),(6, 2, 1),(2, 2, 2),0
70,(2, 3, 1),(2, 3, 2),(2, 3, 3),(6, 3, 1),(6, 3, 2),(6, 3, 3),(1, 3, 1),(1, 3, 2),(1, 3, 3),(5, 3, 1),(5, 3, 2),(5, 3, 3),(2, 2, 1),(2, 2, 2),(2, 2, 3),(6, 2, 1),(6, 2, 2),(6, 2, 3),(1, 2, 1),(1, 2, 2),(1, 2, 3),(2, 1, 1),(2, 1, 2),(2, 1, 3),(6, 1, 1),(5, 2, 1),(6, 1, 2),(5, 2, 2),(6, 1, 3),(5, 2, 3),(1, 1, 1),(1, 1, 2),(1, 1, 3),(5, 1, 1),(5, 1, 2),0
71,(6, 1, 1),(5, 1, 1),(2, 1, 1),(6, 3, 1),(3, 1, 1),(4, 1, 1),(6, 2, 1),(1, 1, 1),(5, 3, 1),(2, 3, 1),(5, 2, 1),(2, 2, 1),(3, 3, 1),(4, 3, 1),(3, 2, 1),(4, 2, 1),(1, 3, 1),0
72,(4, 1, 1),(1, 1, 1),(2, 1, 1),(6, 1, 1),(3, 1, 1),(5, 1, 1),(4, 3, 1),(4, 2, 1),(1, 3, 1),(1, 2, 1),(2, 3, 1),(2, 2, 1),(6, 3, 1),(6, 2, 1),(3, 3, 1),(3, 2, 1),(5, 3, 1),0
73,(5, 1, 1),(5, 1, 2),(5, 1, 3),(6, 1, 1),(6, 1, 2),(6, 1, 3),(1, 1, 1),(1, 1, 2),(1, 1, 3),(2, 1, 1),(2, 1, 2),(2, 1, 3),(5, 2, 1),(5, 2, 2),(5, 2, 3),(6, 2, 1),(6, 2, 2),(6, 2, 3),(5, 3, 1),(5, 3, 2),(5, 3, 3),(6, 3, 1),(6, 3, 2),(6, 3, 3),(1, 2, 1),(1, 2, 2),(1, 2, 3),(2, 2, 1),(2, 2, 2),(1, 3, 1),(2, 2, 3),(1, 3, 2),(1, 3, 3),(2, 3, 1),(2, 3, 2),0
74,(4, 1, 1),(4, 1, 2),(1, 1, 1),(1, 1, 2),(4, 3, 1),(4, 3, 2),(1, 3, 1),(3, 1, 1),(1, 3, 2),(3, 1, 2),(4, 2, 1),(4, 2, 2),(3, 3, 1),(3, 3, 2),(1, 2, 1),(1, 2, 2),(3, 2, 1),(3, 2, 2),(2, 1, 1),(2, 1, 2),(5, 1, 1),(5, 1, 2),(2, 3, 1),(2, 3, 2),(6, 1, 1),(6, 1, 2),(5, 3, 1),(5, 3, 2),(6, 3, 1),(6, 3, 2),(2, 2, 1),(2, 2, 2),(5, 2, 1),(5, 2, 2),(6, 2, 1),0
75,(2, 3, 1),(4, 3, 1),(2, 2, 1),(4, 2, 1),(2, 1, 1),(4, 1, 1),(1, 3, 1),(5, 3, 1),(6, 3, 1),(1, 2, 1),(3, 3, 1),(5, 2, 1),(6, 2, 1),(3, 2, 1),(1, 1, 1),(5, 1, 1),(6, 1, 1),0
76,(1, 1, 1),(1, 1, 2),(1, 1, 3),(1, 2, 1),(1, 2, 2),(1, 2, 3),(6, 1, 1),(6, 1, 2),(6, 1, 3),(6, 2, 1),(6, 2, 2),(6, 2, 3),(1, 3, 1),(1, 3, 2),(1, 3, 3),(6, 3, 1),(6, 3, 2),0
77,(2, 2, 1),(2, 2, 2),(2, 2, 3),(5, 2, 1),(5, 2, 2),(5, 2, 3),(1, 2, 1),(1, 2, 2),(1, 2, 3),(6, 2, 1),(6, 2, 2),(6, 2, 3),(2, 3, 1),(2, 3, 2),(2, 3, 3),(5, 3, 1),(5, 3, 2),(5, 3, 3),(1, 3, 1),(1, 3, 2),(1, 3, 3),(6, 3, 1),(6, 3, 2),(6, 3, 3),(2, 1, 1),(2, 1, 2),(2, 1, 3),(5, 1, 1),(5, 1, 2),(5, 1, 3),(1, 1, 1),(1, 1, 2),(1, 1, 3),(6, 1, 1),(6, 1, 2),0
78,(1, 1, 1),(1, 2, 1),(5, 1, 1),(5, 2, 1),(1, 3, 1),(5, 3, 1),(6, 1, 1),(4, 1, 1),(6, 2, 1),(3, 1, 1),(4, 2, 1),(3, 2, 1),(2, 1, 1),(6, 3, 1),(2, 2, 1),(4, 3, 1),(3, 3, 1),0
79,(4, 3, 1),(2, 3, 1),(4, 1, 1),(2, 1, 1),(4, 2, 1),(6, 3, 1),(1, 3, 1),(2, 2, 1),(5, 3, 1),(3, 3, 1),(6, 1, 1),(1, 1, 1),(5, 1, 1),(3, 1, 1),(6, 2, 1),(1, 2, 1),(5, 2, 1),0
80,(4, 2, 1),(4, 1, 1),(4, 3, 1),(5, 2, 1),(5, 1, 1),(6, 2, 1),(5, 3, 1),(3, 2, 1),(6, 1, 1),(3, 1, 1),(6, 3, 1),(3, 3, 1),(2, 2, 1),(1, 2, 1),(2, 1, 1),(1, 1, 1),(2, 3, 1),0
81,(5, 3, 1),(5, 1, 1),(5, 2, 1),(4, 3, 1),(1, 3, 1),(2, 3, 1),(4, 1, 1),(1, 1, 1),(3, 3, 1),(6, 3, 1),(2, 1, 1),(3, 1, 1),(6, 1, 1),(4, 2, 1),(1, 2, 1),(2, 2, 1),(3, 2, 1),0
82,(5, 1, 1),(5, 1, 2),(5, 1, 3),(5, 3, 1),(5, 3, 2),(5, 3, 3),(2, 1, 1),(2, 1, 2),(2, 1, 3),(1, 1, 1),(1, 1, 2),(1, 1, 3),(6, 1, 1),(6, 1, 2),(6, 1, 3),(2, 3, 1),(2, 3, 2),(2, 3, 3),(1, 3, 1),(1, 3, 2),(1, 3, 3),(6, 3, 1),(6, 3, 2),(6, 3, 3),(5, 2, 1),(5, 2, 2),(5, 2, 3),(2, 2, 1),(2, 2, 2),(2, 2, 3),(1, 2, 1),(1, 2, 2),(1, 2, 3),(6, 2, 1),(6, 2, 2),0
83,(2, 2, 1),(4, 2, 1),(2, 2, 2),(3, 2, 1),(4, 2, 2),(2, 2, 3),(2, 3, 1),(3, 2, 2),(4, 2, 3),(4, 3, 1),(2, 3, 2),(3, 2, 3),(3, 3, 1),(4, 3, 2),(2, 3, 3),(3, 3, 2),(4, 3, 3),(1, 2, 1),(3, 3, 3),(1, 2, 2),(5, 2, 1),(2, 1, 1),(1, 2, 3),(1, 3, 1),(5, 2, 2),(4, 1, 1),(2, 1, 2),(3, 1, 1),(6, 2, 1),(1, 3, 2),(5, 2, 3),(5, 3, 1),(4, 1, 2),(2, 1, 3),(3, 1, 2),(6, 2, 2),(1, 3, 3),(5, 3, 2),(4, 1, 3),(3, 1, 3),(6, 2, 3),(6, 3, 1),(5, 3, 3),(6, 3, 2),(1, 1, 1),(6, 3, 3),(1, 1, 2),(5, 1, 1),(1, 1, 3),(5, 1, 2),(6, 1, 1),(5, 1, 3),(6, 1, 2),0
84,(6, 3, 1),(6, 3, 2),(5, 3, 1),(6, 3, 3),(5, 3, 2),(5, 3, 3),(2, 3, 1),(2, 3, 2),(1, 3, 1),(2, 3, 3),(1, 3, 2),(1, 3, 3),(6, 1, 1),(6, 1, 2),(5, 1, 1),(6, 1, 3),(5, 1, 2),(5, 1, 3),(2, 1, 1),(2, 1, 2),(1, 1, 1),(2, 1, 3),(1, 1, 2),(1, 1, 3),(6, 2, 1),(6, 2, 2),(5, 2, 1),(6, 2, 3),(5, 2, 2),(5, 2, 3),(2, 2, 1),(2, 2, 2),(1, 2, 1),(2, 2, 3),(1, 2, 2),0
85,(4, 2, 1),(1, 2, 1),(3, 2, 1),(2, 2, 1),(4, 1, 1),(6, 2, 1),(4, 3, 1),(5, 2, 1),(1, 1, 1),(3, 1, 1),(1, 3, 1),(3, 3, 1),(2, 1, 1),(2, 3, 1),(6, 1, 1),(5, 1, 1),(6, 3, 1),0
86,(2, 2, 1),(4, 2, 1),(2, 2, 2),(4, 2, 2),(2, 1, 1),(3, 2, 1),(2, 2, 3),(4, 1, 1),(4, 2, 3),(2, 3, 1),(2, 1, 2),(3, 2, 2),(4, 3, 1),(4, 1, 2),(2, 3, 2),(3, 1, 1),(2, 1, 3),(3, 2, 3),(4, 3, 2),(4, 1, 3),(3, 3, 1),(2, 3, 3),(3, 1, 2),(4, 3, 3),(3, 3, 2),(3, 1, 3),(3, 3, 3),(5, 2, 1),(6, 2, 1),(1, 2, 1),(5, 2, 2),(6, 2, 2),(1, 2, 2),(5, 1, 1),(5, 2, 3),(6, 1, 1),(6, 2, 3),(1, 1, 1),(5, 3, 1),(1, 2, 3),(5, 1, 2),(6, 3, 1),(6, 1, 2),(1, 3, 1),(1, 1, 2),(5, 3, 2),(5, 1, 3),(6, 3, 2),(6, 1, 3),(1, 3, 2),(1, 1, 3),(5, 3, 3),(6, 3, 3),0
87,(6, 1, 1),(6, 1, 2),(6, 1, 3),(1, 1, 1),(1, 1, 2),(1, 1, 3),(6, 2, 1),(6, 2, 2),(6, 2, 3),(1, 2, 1),(1, 2, 2),(1, 2, 3),(6, 3, 1),(6, 3, 2),(6, 3, 3),(1, 3, 1),(1, 3, 2),0
88,(3, 3, 1),(3, 1, 1),(6, 3, 1),(6, 1, 1),(2, 3, 1),(5, 3, 1),(2, 1, 1),(5, 1, 1),(3, 2, 1),(6, 2, 1),(4, 3, 1),(1, 3, 1),(4, 1, 1),(1, 1, 1),(2, 2, 1),(5, 2, 1),(4, 2, 1),0
89,(4, 1, 1),(4, 3, 1),(3, 1, 1),(3, 3, 1),(4, 1, 2),(4, 3, 2),(3, 1, 2),(4, 2, 1),(3, 3, 2),(4, 1, 3),(2, 1, 1),(3, 2, 1),(4, 3, 3),(3, 1, 3),(2, 3, 1),(4, 2, 2),(3, 3, 3),(2, 1, 2),(3, 2, 2),(2, 3, 2),(4, 2, 3),(2, 2, 1),(2, 1, 3),(3, 2, 3),(2, 3, 3),(2, 2, 2),(2, 2, 3),(5, 1, 1),(1, 1, 1),(5, 3, 1),(1, 3, 1),(6, 1, 1),(5, 1, 2),(1, 1, 2),(6, 3, 1),(5, 3, 2),(5, 2, 1),(1, 3, 2),(6, 1, 2),(5, 1, 3),(1, 2, 1),(1, 1, 3),(6, 3, 2),(5, 3, 3),(6, 2, 1),(5, 2, 2),(1, 3, 3),(6, 1, 3),(1, 2, 2),(6, 3, 3),(6, 2, 2),(5, 2, 3),(1, 2, 3),0
90,(2, 2, 1),(4, 2, 1),(2, 3, 1),(2, 1, 1),(4, 3, 1),(4, 1, 1),(3, 2, 1),(6, 2, 1),(5, 2, 1),(1, 2, 1),(3, 3, 1),(3, 1, 1),(6, 3, 1),(6, 1, 1),(5, 3, 1),(1, 3, 1),(5, 1, 1),0
